HAPPY:0.32196969696969696
SAD:0.036931818181818184
ANGRY:0.017992424242424244
CONFUSED:0.2774621212121212
DISGUSTED:0.13446969696969696
SURPRISED:0.11363636363636363
CALM:0.09753787878787878
UNKNOWN:0.0
